function RTmap = getRTmap()

RTmap = [
    
8000    79
9500    77

10600   73
10800   71
11700   69
12300   67
15500   61

16000   60.4
17000   56.0
22300   52.9
24500   50
25000   47


42000   30.3
41100   30.0
41400   28.9
42700   28.3
43900   27.7
44300   27.2
47400   26.3
48000   26.0

% by home temp. sensor
 20600  42.5
 31000  33
 47700  25.5
 60500  17.5
120000  6.7
220000 -5
224000 -6
240000 -7
250000 -8
288000 -10
310000 -11
320000 -12
335000 -13
365000 -14
422000 -15
];