function RTmap = getRTmap()

RTmap = [
    
    8000   79
    9500   77
    
   10600   73
   10800   71
   11700   69
   12300   67
   15500   61

   16000   60.4   
   17000   56.0
   22300   52.9
   24500   50
   25000   47
   
   42000   30.3
   41100   30.0
   41400   28.9
   42700   28.3
   43900   27.7
   44300   27.2
   47400   26.3
   48000   26.0
     
  120000   -2
  
      ];